0 -0.69562035 0.718409576 0 -0.77931059 -0.00272124 0.626631944 1.25789957
0 -0.74043518 0.672127780 0 -0.73408230 -0.00623159 0.679031910 -4.41518238
970.086
16
0.369289815 0.566390812
0.984874904 0.192105934
0.328812987 0.599496722
0.953981221 0.227786332
0.363409996 0.570409417
0.964311481 0.178716063
0.331890672 0.596966088
0.938534439 0.207905725
0.361329257 0.573894203
0.9531914 0.172225744
0.334421545 0.596702278
0.930789769 0.197671697
0.359772414 0.574201941
0.948421121 0.169008136
0.334719598 0.59584415
0.927317441 0.193215951
0.380140245 0.590784431
0.974664688 0.193182796
0.349841893 0.615494668
0.951231301 0.219903678
0.384063154 0.590994298
0.984034181 0.200040102
0.349872828 0.617860734
0.957200408 0.227654457
0.220154092 0.425093472
0.816381097 0.008831352
0.18963933 0.451221526
0.776528239 0.055383422
0.221283108 0.428184271
0.814857781 0.01139158
0.194017172 0.455471456
0.78009212 0.058003921
10
-1576.097722 -1902.567885 927.551554
-1544.253553 -1900.841131 -951.910368
-1562.789102 -999.378667 929.978953
-1548.508990 -1001.467023 110.605466
-1530.832819 -998.386670 -945.526685
-1548.030434 -111.369569 882.387126
-1519.379826 -105.033468 -942.978180
-1535.438957 795.995645 852.721304
-1521.329333 794.530577 -12.843037
-1505.517424 800.889947 -1002.126465
0.78786 0.1245288
0.25056 0.5654602
0.880181 0.0504657
0.3141252 0.5012418
0.83251 0.165419667
0.278023333 0.600082
0.871662 0.133525
0.308777 0.568737
0.921632 0.0930571
0.348359333 0.528736
0.876505 0.197214
0.313795 0.636692667
0.955779333 0.132631
0.387009667 0.562669
0.913617667 0.222744667
0.354659333 0.675661333
0.946630333 0.195506
0.389505 0.639951667
0.984599 0.164575
0.429539667 0.599463667