0 0.86373 -0.503954 0 -0.734581 -0.000451 0.678521 -1.533979
0 -0.731621 0.681711 0 0.736901 0.005705 -0.675977 -2.292016
1000.44
26
0.57167232	0.785533845
0.265198112	0.47045958
0.553379774	0.811234832
0.233917654	0.499617577
0.581571639	0.79678762
0.278962851	0.483947575
0.564184666	0.821802497
0.247858524	0.513082802
0.586455405	0.802189589
0.285562038	0.490270078
0.569373071	0.826926947
0.25438714	0.51945436
0.586939573	0.799797535
0.280103087	0.48105824
0.568605006	0.826741219
0.246382892	0.512791872
0.573218703	0.783404768
0.259342968	0.460193396
0.553460836	0.812117934
0.224924922	0.49227196
0.563203812	0.771885037
0.245935738	0.447395444
0.542537451	0.801422119
0.211539507	0.479187906
0.551560044	0.758808732
0.231620371	0.434163988
0.530622244	0.789764047
0.19785285	0.465762258
0.536990523	0.7425282
0.214936435	0.418899775
0.515238404	0.774619162
0.181775033	0.449822009
0.503682673	0.711837888
0.189743936	0.401099145
0.483178794	0.742002845
0.161041737	0.427889466
0.496473074	0.707220495
0.187492132	0.401674092
0.47706461		0.735360205
0.160584092	0.426694155
0.493555605	0.706173182
0.187853038	0.403767169
0.474983215	0.732865155
0.162086546	0.427642763
0.486415803	0.701532722
0.185381949	0.403980255
0.469158292	0.726573706
0.161441565	0.426358819
0.485361814	0.702312589
0.187253892	0.407375097
0.468925536	0.725972176
0.164293766	0.428698719
26
-245.92456976 4875.98139586 -761.6855433
-271.37475071 4879.19032308 238.43821176
172.60887975 4899.59960159 -769.39445351
149.32819873 4890.38600152 230.7935011
370.62185213 4880.12008733 -772.59872684
346.30389708 4866.00967006 227.53145552
133.6027239 4512.96038598 -769.84511375
112.25515681 4493.18475784 230.15417913
-448.89806582 4421.30918577 -759.35345721
-472.07367398 4399.93633893 240.59893954
-814.44165748 4388.5480665 -753.52802682
-840.62022024 4370.25031265 246.44787983
-1205.96835151 4357.5237914 -746.82549934
-1221.20165749 4324.99087971 252.92885981
-1668.68666973 4298.14997035 -739.60207494
-1681.71697964 4262.69737988 260.06699453
-2574.66717545 4655.68355128 -720.69385102
-2581.42277709 4617.1859707 278.92152007
-2775.94590504 4958.7939455 -715.52673681
-2786.79243045 4924.31634109 284.25170564
-2862.3050233 5207.52152973 -713.41246772
-2875.97351579 5174.43858391 286.36565875
-3106.36786006 5558.90403096 -706.61082063
-3115.43639081 5526.17309378 293.22852816
-3151.77361875 5866.68182142 -704.54957083
-3163.38612011 5831.5480564 295.22135387
0.57167232	0.785533845
0.265198112	0.47045958
0.553379774	0.811234832
0.233917654	0.499617577
0.581571639	0.79678762
0.278962851	0.483947575
0.564184666	0.821802497
0.247858524	0.513082802
0.586455405	0.802189589
0.285562038	0.490270078
0.569373071	0.826926947
0.25438714	0.51945436
0.586939573	0.799797535
0.280103087	0.48105824
0.568605006	0.826741219
0.246382892	0.512791872
0.573218703	0.783404768
0.259342968	0.460193396
0.553460836	0.812117934
0.224924922	0.49227196
0.563203812	0.771885037
0.245935738	0.447395444
0.542537451	0.801422119
0.211539507	0.479187906
0.551560044	0.758808732
0.231620371	0.434163988
0.530622244	0.789764047
0.19785285	0.465762258
0.536990523	0.7425282
0.214936435	0.418899775
0.515238404	0.774619162
0.181775033	0.449822009
0.503682673	0.711837888
0.189743936	0.401099145
0.483178794	0.742002845
0.161041737	0.427889466
0.496473074	0.707220495
0.187492132	0.401674092
0.47706461	0.735360205
0.160584092	0.426694155
0.493555605	0.706173182
0.187853038	0.403767169
0.474983215	0.732865155
0.162086546	0.427642763
0.486415803	0.701532722
0.185381949	0.403980255
0.469158292	0.726573706
0.161441565	0.426358819
0.485361814	0.702312589
0.187253892	0.407375097
0.468925536	0.725972176
0.164293766	0.428698719
